game_object_locator={
	name="building_castelul_peles"
	clamp_to_water_level=no
	render_under_water=no
	generated_content=no
	layer="static"
	instances={
		{
			id=1
			position={ 4669.549805 0.000000 2622.500000 }
			rotation={ -0.000000 -0.000000 -0.000000 0.000000 }
			scale={ 1.000000 1.000000 1.000000 }
		}
	}
}

game_object_locator={
	name="antwerpen_centraal_locator"
	clamp_to_water_level=no
	render_under_water=no
	generated_content=no
	layer="static"
	instances={
		{
			id=1
			position={ 4188.549805 0.000000 2791.500000 }
			rotation={ -0.000000 -0.000000 -0.000000 0.000000 }
			scale={ 1.000000 1.000000 1.000000 }
		}
	}
}

game_object_locator={
	name="Reichstag_locator"
	clamp_to_water_level=no
	render_under_water=no
	generated_content=no
	layer="static"
	instances={
		{
			id=1
			position={ 4407.549805 0.000000 2832.500000 }
			rotation={ -0.000000 -0.000000 -0.000000 0.000000 }
			scale={ 1.000000 1.000000 1.000000 }
		}
	}
}

object={ #日本鸟居
	name="japan_shrine"
	clamp_to_water_level=no
	render_under_water=no
	generated_content=no
	layer="static"
	entity="shrine_entity"
	count=7
	transform="7077.000000 0.000000 2245.000000 0.000000 -12.000000 0.000000 2.000000 2.000000 2.000000 2.000000
7110.620000 0.000000 2322.010000 0.000000 -19.000000 0.000000 2.000000 2.000000 2.000000 2.000000
7283.670000 0.000000 2342.290000 0.000000 0.300000 0.000000 2.000000 2.000000 2.000000 2.000000
7208.180000 0.000000 2330.810000 0.000000 -12.0000000 0.000000 2.000000 2.000000 2.000000 2.000000
7275.420000 0.000000 2359.460000 0.000000 -1.1000000 0.000000 2.000000 2.000000 2.000000 2.000000
7282.410000 0.000000 2360.540000 0.000000 0.000000 0.000000 2.000000 2.000000 2.000000 2.000000
7285.520000 0.000000 2376.490000 0.000000 0.400000 0.000000 2.000000 2.000000 2.000000 2.000000
"}

object={ #日本更多城市，尽管没有名字
	name="japan_more_small_cities"
	clamp_to_water_level=no
	render_under_water=no
	generated_content=no
	layer="static"
	entity="japan_rural_residential_rich_01_entity"
	count=3
	transform="7038.000000 0.000000 2321.000000 0.000000 -12.000000 0.000000 2.000000 2.000000 2.000000 2.000000
7248.620000 0.000000 2420.010000 0.000000 -19.000000 0.000000 2.000000 2.000000 2.000000 2.000000
7082.100000 0.000000 2234.290000 0.000000 0.300000 0.000000 2.000000 2.000000 2.000000 2.000000
"}

object={ #中国更多海港-小船建模
	name="chinese_more_ports_and_boats"
	clamp_to_water_level=no
	render_under_water=no
	generated_content=no
	layer="static"
	entity="asian_urban_port_fishingwharf_01_entity"
	count=4
	transform="6882.000000 0.000000 2226.000000 0.000000 -2.000000 0.000000 2.000000 2.000000 2.000000 2.000000
6691.120000 0.000000 2036.010000 0.000000 -0.300000 0.000000 2.000000 2.000000 2.000000 2.000000
6607.100000 0.000000 1999.290000 0.000000 0.300000 0.000000 2.000000 2.000000 2.000000 2.000000
6582.100000 0.000000 2011.290000 0.000000 0.300000 0.000000 2.000000 2.000000 2.000000 2.000000
"}

object={ #中国更多海港-房子
	name="chinese_more_ports_and_house"
	clamp_to_water_level=no
	render_under_water=no
	generated_content=no
	layer="static"
	entity="asian_port_navalbase_01_entity"
	count=2
	transform="6693.620000 0.000000 2035.010000 0.000000 1.200000 0.000000 2.000000 2.000000 2.000000 2.000000
6603.100000 0.000000 1997.290000 0.000000 -1.500000 0.000000 2.000000 2.000000 2.000000 2.000000
"}

object={ #中国的底层建筑-1号
	name="chinese_more_poor_house_1"
	clamp_to_water_level=no
	render_under_water=no
	generated_content=no
	layer="static"
	entity="asian_urban_residential_poor_01_entity"
	count=3
	transform="6844.500000 0.000000 2235.000000 0.000000 -2.000000 0.000000 2.000000 2.000000 2.000000 2.000000
6843.100000 0.000000 2234.290000 0.000000 -1.500000 0.000000 2.000000 2.000000 2.000000 2.000000
6845.100000 0.000000 2209.290000 0.000000 -1.500000 0.000000 2.000000 2.000000 2.000000 2.000000
"}

object={ #中国的底层建筑-2号
	name="chinese_more_poor_house_2"
	clamp_to_water_level=no
	render_under_water=no
	generated_content=no
	layer="static"
	entity="asian_urban_residential_poor_02_entity"
	count=3
	transform="6880.500000 0.000000 2223.000000 0.000000 -2.000000 0.000000 2.000000 2.000000 2.000000 2.000000
6842.500000 0.000000 2236.290000 0.000000 -1.500000 0.000000 2.000000 2.000000 2.000000 2.000000
6583.200000 0.000000 2008.290000 0.000000 0.300000 0.000000 2.000000 2.000000 2.000000 2.000000
"}

object={ #中国的底层建筑-3号
	name="chinese_more_poor_house_3"
	clamp_to_water_level=no
	render_under_water=no
	generated_content=no
	layer="static"
	entity="asian_urban_residential_poor_03_entity"
	count=2
	transform="6846.500000 0.000000 2208.000000 0.000000 -2.000000 0.000000 2.000000 2.000000 2.000000 2.000000
6844.500000 0.000000 2207.290000 0.000000 -1.500000 0.000000 2.000000 2.000000 2.000000 2.000000
"}

object={ #中国的底层建筑-4号
	name="chinese_more_poor_house_4"
	clamp_to_water_level=no
	render_under_water=no
	generated_content=no
	layer="static"
	entity="asian_rural_residential_poor_01_entity"
	count=4
	transform="6829.500000 0.000000 2167.000000 0.000000 -4.000000 0.000000 2.000000 2.000000 2.000000 2.000000
6827.500000 0.000000 2167.290000 0.000000 -1.200000 0.000000 2.000000 2.000000 2.000000 2.000000
6663.900000 0.000000 2329.290000 0.000000 -2.500000 0.000000 2.000000 2.000000 2.000000 2.000000
6698.520000 0.000000 2334.810000 0.000000 2.400000 0.000000 2.000000 2.000000 2.000000 2.000000
"}

object={ #中国的底层建筑-5号
	name="chinese_more_poor_house_5"
	clamp_to_water_level=no
	render_under_water=no
	generated_content=no
	layer="static"
	entity="asian_rural_residential_poor_02_entity"
	count=5
	transform="6803.500000 0.000000 2186.000000 0.000000 -3.000000 0.000000 2.000000 2.000000 2.000000 2.000000
6805.500000 0.000000 2187.290000 0.000000 -1.500000 0.000000 2.000000 2.000000 2.000000 2.000000
6822.500000 0.000000 2061.290000 0.000000 -3.500000 0.000000 2.000000 2.000000 2.000000 2.000000
6701.020000 0.000000 2339.810000 0.000000 2.400000 0.000000 2.000000 2.000000 2.000000 2.000000
6700.320000 0.000000 2334.710000 0.000000 2.400000 0.000000 2.000000 2.000000 2.000000 2.000000
"}

object={ #中国的底层建筑-6号
	name="chinese_more_poor_house_6"
	clamp_to_water_level=no
	render_under_water=no
	generated_content=no
	layer="static"
	entity="asian_rural_residential_poor_03_entity"
	count=6
	transform="6801.500000 0.000000 2186.000000 0.000000 -3.000000 0.000000 2.000000 2.000000 2.000000 2.000000
6828.500000 0.000000 2165.290000 0.000000 -1.500000 0.000000 2.000000 2.000000 2.000000 2.000000
6980.500000 0.000000 2303.290000 0.000000 -0.500000 0.000000 2.000000 2.000000 2.000000 2.000000
6979.500000 0.000000 2299.290000 0.000000 -2.500000 0.000000 2.000000 2.000000 2.000000 2.000000
6604.500000 0.000000 1993.590000 0.000000 -3.500000 0.000000 2.000000 2.000000 2.000000 2.000000
6606.500000 0.000000 1993.290000 0.000000 -2.500000 0.000000 2.000000 2.000000 2.000000 2.000000
"}

object={ #中国中层建筑-1号
	name="chinese_more_middle_and_house_1"
	clamp_to_water_level=no
	render_under_water=no
	generated_content=no
	layer="static"
	entity="asian_urban_residential_mid_01_entity"
	count=2
	transform="6834.620000 0.000000 2238.010000 0.000000 1.200000 0.000000 2.000000 2.000000 2.000000 2.000000
6829.100000 0.000000 2237.290000 0.000000 -1.500000 0.000000 2.000000 2.000000 2.000000 2.000000
"}

object={ #中国中层建筑-2号
	name="chinese_more_middle_and_house_2"
	clamp_to_water_level=no
	render_under_water=no
	generated_content=no
	layer="static"
	entity="asian_urban_residential_mid_02_entity"
	count=4
	transform="6828.620000 0.000000 2240.010000 0.000000 1.200000 0.000000 2.000000 2.000000 2.000000 2.000000
6829.100000 0.000000 2239.290000 0.000000 -1.500000 0.000000 2.000000 2.000000 2.000000 2.000000
6696.420000 0.000000 2338.010000 0.000000 2.400000 0.000000 2.000000 2.000000 2.000000 2.000000
6700.620000 0.000000 2337.010000 0.000000 2.400000 0.000000 2.000000 2.000000 2.000000 2.000000
"}

object={ #中国中层建筑-3号
	name="chinese_more_middle_and_house_3"
	clamp_to_water_level=no
	render_under_water=no
	generated_content=no
	layer="static"
	entity="asian_urban_residential_mid_03_entity"
	count=4
	transform="6832.620000 0.000000 2238.010000 0.000000 1.200000 0.000000 2.000000 2.000000 2.000000 2.000000
6831.100000 0.000000 2238.290000 0.000000 -1.500000 0.000000 2.000000 2.000000 2.000000 2.000000
6662.900000 0.000000 2331.290000 0.000000 -0.000000 0.000000 2.000000 2.000000 2.000000 2.000000
6661.900000 0.000000 2329.290000 0.000000 -0.000000 0.000000 2.000000 2.000000 2.000000 2.000000
"}

object={ #中国上层建筑-1号
	name="chinese_more_rich_and_house_1"
	clamp_to_water_level=no
	render_under_water=no
	generated_content=no
	layer="static"
	entity="asian_urban_residential_rich_01_entity"
	count=2
	transform="6698.620000 0.000000 2337.010000 0.000000 2.400000 0.000000 2.000000 2.000000 2.000000 2.000000
6825.620000 0.000000 2481.010000 0.000000 4.400000 0.000000 2.000000 2.000000 2.000000 2.000000
"}

object={ #中国上层建筑-2号
	name="chinese_more_rich_and_house_2"
	clamp_to_water_level=no
	render_under_water=no
	generated_content=no
	layer="static"
	entity="asian_urban_residential_rich_02_entity"
	count=1
	transform="6659.620000 0.000000 2329.010000 0.000000 0.000000 0.000000 2.000000 2.000000 2.000000 2.000000
"}

object={ #中国市中心
	name="chinese_more_central_house"
	clamp_to_water_level=no
	render_under_water=no
	generated_content=no
	layer="static"
	entity="asian_city_centerpiece_01_entity"
	count=1
	transform="6656.220000 0.000000 2331.010000 0.000000 -0.100000 0.000000 2.000000 2.000000 2.000000 2.000000
"}